30881 1364703
1185895 107642
1818173 440719
510179 368743
667232 351811
695605 1624189
902784 1846689
898931 553148
1577523 1639509
1723816 1779785
50143 1025940
536335 489929
482446 1648483
1584162 427525
819203 1482934
296456 1259880
877219 1854814
1478337 463816
1670099 1598250
426084 1036330
1588302 463111
489606 331807
15198 995577
32305 1165449
831559 368675
723680 29789
286824 942266
154608 1456486
513771 1837200
339389 1251068
1030679 1834245
1235582 1729380
928342 436285
378517 1732254
406416 1461503
1054882 555730
821233 1594087
905903 1730443
1891880 598875
1051618 1054084
1085932 142973
739657 1166476
1836628 475812
1288176 1529927
1848649 347263
1348591 625484
880097 28948
1444514 65103
747907 993403
1338038 936625
1677744 255380
524488 515125
759550 6362
858637 762135
1170862 1151746
562510 854597
1006279 1670204
153758 1232982
160333 532167
888077 1622044
673554 998973
1157748 1517620
791556 1132178
1677687 874880
1875767 792308
866047 44470
1066446 938701
830159 1247116
1095631 1892226
813280 870652
1624282 971282
500529 1038230
1013456 817181
1061835 1157591
1941643 140701
1826062 976767
758951 1220289
231197 1487758
188579 859660
403384 605604
941766 11780
1777293 1512957
1916713 155151
352502 979976
1710681 608722
598957 1681644
3024 1900951
379905 637749
648310 1795536
1642697 675058
682697 1624224
565727 1597687
1632311 1310570
1486881 457406
1124696 275348
115572 848742
589089 303077
1052329 1746545
497261 358253
1736664 60589
